346 49
2 3 13 149 3 
2 42 14 136 15 
3 4 19 50 2 
6 9 17 99 0 
4 0 0 60 4 
5 45 0 61 11 
1 11 6 49 4 
0 52 3 59 9 
9 57 10 104 99 
8 43 14 49 0 
3 14 15 849 2 
3 25 7 64 2 
5 44 5 50 32 
9 15 18 50 99 
1 19 2 60 4 
3 57 15 61 2 
2 31 7 51 3 
11 40 15 149 14 0 
6 8 17 48 0 
7 50 2 47 0 
7 50 1 46 0 
7 50 0 43 0 
7 51 1 42 0 
7 51 0 42 0 
7 49 0 42 0 
7 48 0 41 0 
6 8 16 39 0 
7 52 2 39 0 
7 52 1 39 0 
7 48 1 39 0 
7 47 0 39 0 
7 49 2 37 0 
7 49 1 37 0 
7 52 0 37 0 
7 47 1 36 0 
7 48 2 35 0 
7 49 4 34 0 
7 52 4 34 0 
7 53 2 33 0 
7 53 1 33 0 
7 51 4 33 0 
7 47 2 33 0 
7 53 3 32 0 
7 54 2 32 0 
6 10 17 31 0 
6 7 17 31 0 
7 46 2 31 0 
7 50 4 30 0 
7 53 4 30 0 
7 52 5 30 0 
7 54 3 30 0 
7 54 1 30 0 
6 8 18 29 0 
7 51 5 29 0 
7 53 0 29 0 
7 46 3 29 0 
7 54 4 29 0 
8 43 15 28 0 
6 9 16 28 0 
7 45 2 28 0 
7 55 3 28 0 
7 55 2 27 0 
7 54 0 27 0 
8 41 14 26 0 
6 7 16 26 0 
7 55 1 26 0 
7 56 2 26 0 
7 53 5 25 0 
7 55 4 25 0 
7 57 2 25 0 
7 50 5 25 0 
7 52 6 24 0 
7 54 5 24 0 
7 55 0 24 0 
7 56 1 24 0 
6 9 18 23 0 
6 8 15 23 0 
6 7 18 23 0 
6 6 16 23 0 
8 41 13 23 0 
7 45 4 23 0 
7 54 6 23 0 
7 53 6 23 0 
7 45 3 22 0 
7 56 3 22 0 
6 7 15 22 0 
7 55 5 22 0 
7 50 6 22 0 
7 57 1 22 0 
7 56 0 22 0 
7 44 2 21 0 
7 50 7 21 0 
7 49 6 21 0 
8 45 13 21 0 
6 8 19 20 0 
7 54 7 20 0 
7 53 7 20 0 
7 44 4 20 0 
7 43 2 20 0 
8 42 16 19 0 
7 56 4 19 0 
6 9 15 19 0 
7 57 0 19 0 
7 56 5 19 0 
7 51 6 19 0 
7 51 7 19 0 
7 49 7 19 0 
6 7 19 19 0 
7 55 7 19 0 
7 52 7 19 0 
7 44 3 18 0 
7 47 6 18 0 
7 55 6 18 0 
7 58 0 18 0 
7 49 5 17 0 
7 58 2 17 0 
7 57 3 17 0 
6 9 19 17 0 
7 50 8 17 0 
7 54 8 17 0 
7 57 4 17 0 
7 57 5 17 0 
7 56 6 17 0 
8 43 16 16 0 
8 41 15 16 0 
7 58 1 16 0 
6 8 20 16 0 
7 57 6 16 0 
7 58 5 16 0 
6 10 16 15 0 
6 7 14 15 0 
7 47 5 15 0 
7 59 0 15 0 
7 48 6 15 0 
7 56 7 15 0 
7 53 8 15 0 
6 9 20 15 0 
7 58 3 15 0 
7 45 7 15 0 
7 58 4 15 0 
6 7 20 15 0 
6 10 18 14 0 
7 48 7 14 0 
7 55 8 14 0 
7 47 7 14 0 
7 54 9 14 0 
7 41 2 14 0 
7 59 5 14 0 
7 52 8 14 0 
6 7 21 14 0 
10 41 0 13 10 
7 43 3 13 0 
7 53 9 13 0 
7 57 7 13 0 
7 46 4 13 0 
7 48 8 13 0 
7 41 3 13 0 
6 10 19 13 0 
7 49 8 12 0 
7 43 5 12 0 
6 10 15 12 0 
7 46 7 12 0 
7 58 6 12 0 
7 59 1 12 0 
7 43 6 12 0 
7 43 1 12 0 
7 45 8 12 0 
7 56 8 12 0 
7 47 8 12 0 
7 55 9 12 0 
8 42 15 11 0 
7 47 4 11 0 
6 7 22 11 0 
7 41 4 11 0 
7 58 7 11 0 
6 11 15 11 0 
7 47 9 11 0 
7 59 2 11 0 
7 43 8 11 0 
7 43 7 11 0 
7 47 3 10 0 
6 8 21 10 0 
7 52 9 10 0 
7 48 9 10 0 
7 57 8 10 0 
7 42 3 10 0 
7 58 8 10 0 
8 39 14 9 0 
6 8 14 9 0 
7 59 4 9 0 
6 11 18 9 0 
7 54 10 9 0 
7 59 6 9 0 
7 40 3 9 0 
7 43 4 9 0 
7 59 7 9 0 
7 47 10 9 0 
7 42 7 9 0 
6 11 16 9 0 
7 48 10 9 0 
6 11 17 8 0 
6 6 18 8 0 
7 42 2 8 0 
7 51 8 8 0 
8 41 16 8 0 
7 48 5 8 0 
6 6 21 8 0 
7 53 10 8 0 
7 45 9 8 0 
7 42 1 8 0 
7 40 4 8 0 
6 11 14 8 0 
7 42 4 8 0 
7 49 9 8 0 
7 58 9 8 0 
8 44 15 7 0 
7 41 1 7 0 
7 42 5 7 0 
7 56 9 7 0 
7 42 6 7 0 
7 46 8 7 0 
7 41 5 7 0 
7 39 3 7 0 
7 49 10 7 0 
6 12 16 7 0 
8 40 16 7 0 
7 49 3 6 0 
6 6 17 6 0 
8 45 12 6 0 
6 9 14 6 0 
7 59 3 6 0 
7 40 2 6 0 
7 55 10 6 0 
6 10 14 6 0 
7 48 4 6 0 
7 59 8 6 0 
7 57 9 6 0 
7 48 3 6 0 
7 48 11 6 0 
6 12 18 6 0 
7 46 10 6 0 
7 42 0 6 0 
7 46 9 6 0 
7 41 6 6 0 
7 38 3 6 0 
7 49 11 6 0 
8 45 14 5 0 
10 40 0 5 10 
6 6 22 5 0 
7 42 8 5 0 
7 51 9 5 0 
7 44 9 5 0 
8 40 17 5 0 
7 40 1 5 0 
7 40 6 5 0 
7 50 11 5 0 
7 44 7 4 0 
7 43 9 4 0 
8 39 13 4 0 
7 47 11 4 0 
6 5 18 4 0 
6 11 13 4 0 
7 40 5 4 0 
8 44 16 4 0 
7 48 12 4 0 
7 59 9 4 0 
7 43 0 4 0 
8 43 13 3 0 
7 51 2 3 0 
6 6 15 3 0 
8 42 17 3 0 
7 50 9 3 0 
6 6 20 3 0 
6 11 19 3 0 
7 41 7 3 0 
7 45 10 3 0 
6 13 16 3 0 
8 39 16 3 0 
7 56 10 3 0 
7 49 12 3 0 
7 51 11 3 0 
7 51 10 3 0 
7 39 5 3 0 
7 59 10 3 0 
7 48 13 3 0 
7 45 1 2 0 
8 41 12 2 0 
7 44 1 2 0 
8 39 15 2 0 
6 7 13 2 0 
7 58 10 2 0 
6 5 21 2 0 
7 39 2 2 0 
7 50 10 2 0 
6 10 13 2 0 
7 55 11 2 0 
6 12 17 2 0 
8 38 13 2 0 
7 44 0 2 0 
7 52 10 2 0 
7 52 11 2 0 
7 50 12 2 0 
7 46 1 1 0 
6 5 16 1 0 
8 46 13 1 0 
7 46 6 1 0 
7 46 5 1 0 
6 9 21 1 0 
7 45 6 1 0 
7 44 8 1 0 
7 54 11 1 0 
7 50 3 1 0 
6 5 17 1 0 
7 46 11 1 0 
7 41 8 1 0 
7 42 9 1 0 
7 44 10 1 0 
7 39 6 1 0 
7 40 7 1 0 
10 39 0 1 10 
7 43 10 1 0 
7 47 12 1 0 
6 5 15 1 0 
7 49 13 1 0 
7 45 11 1 0 
7 51 12 1 0 
7 56 11 1 0 
7 53 11 1 0 
7 52 12 1 0 
7 58 11 1 0 
7 46 0 0 0 
7 51 3 0 0 
7 45 5 0 0 
6 7 23 0 0 
6 8 13 0 0 
8 46 12 0 0 
8 39 17 0 0 
6 6 13 0 0 
7 40 8 0 0 
7 47 13 0 0 
7 39 7 0 0 
7 38 6 0 0 
7 56 12 0 0 
7 43 11 0 0 
7 42 10 0 0 
7 53 12 0 0 
